File: W:\Gary\Projects\Operant Data\!2016-01-09_09h31m.Subject 311


Start Date: 01/09/16
End Date: 01/09/16
Subject: 311
Experiment: 0
Group: 0
Box: 1
Start Time:  9:31:20
End Time: 10:31:42
MSN: MVT2_Final_10
I:     332.000
O:       2.000
A:
     0:        1.250        0.260        1.770        0.130        1.260
     5:        3.120        1.130        2.370        1.020        0.260
    10:        1.070        0.540        1.750        1.910        3.400
    15:        0.970        0.970        1.040        0.570        0.490
    20:        1.280        0.850        2.250        0.230        1.700
    25:        0.730        3.190        0.110        1.920        0.950
    30:        0.550        3.450        9.490        0.740        0.810
    35:        1.490        0.830        1.260        1.120        0.020
    40:        1.250        1.580        2.580        0.280        1.500
    45:        1.920        1.470        2.310        4.300        0.390
    50:        0.660        1.470        2.200        3.020        2.940
    55:        1.350        0.770        2.410        2.570        0.890
    60:        0.920        3.220        0.260        1.820        1.640
    65:        3.600        2.850        0.970        2.400        5.860
    70:        1.620        2.840        2.210        1.130        5.530
    75:        0.940        1.790        4.270        1.690        3.340
    80:        3.950        2.260        4.310        3.580        2.720
    85:        4.970        3.430        5.750        0.520        2.060
    90:        1.040        0.850        0.450        0.680        0.780
    95:        2.290        0.150        4.810        3.390        0.670
   100:        0.070        2.800        0.880        3.380        1.940
   105:        1.520        1.520        9.280        0.560        1.130
   110:        2.980        1.010        2.500        0.280        0.800
   115:        1.740        2.770        1.280       20.920        0.990
   120:        0.520        2.230        2.050        1.740        1.720
   125:        2.780        2.200        2.160        5.780       16.620
   130:        2.580        1.810        2.680        3.420        0.690
   135:        1.330        2.960        3.380        3.420        2.750
   140:        5.150        3.290        1.570        0.740        8.150
   145:        6.050        9.960        0.100        1.090        2.790
   150:        0.170        1.840        1.420        0.880        0.910
   155:        2.310        1.550        0.870        3.730        0.190
   160:        2.240        0.070        4.180        3.170        1.030
   165:        1.690        1.280        0.890        8.090        2.940
   170:        3.160        4.040       13.230        2.970       10.650
   175:        0.530        2.050        4.210        9.470        3.590
   180:        1.910       29.430        0.700        2.240        1.230
   185:        1.140        0.590        1.130        0.990        0.470
   190:        0.500        1.450        0.700        0.170        1.850
   195:        0.140        8.910        1.830       15.850       10.650
   200:        4.370        2.460        5.980        3.990        0.730
   205:        2.530        2.460        2.820        1.280        4.100
   210:        8.410        1.420        5.500        7.190        2.240
   215:        0.140        1.020        0.520        1.070        2.110
   220:        1.860        1.450        1.250        0.160        0.340
   225:        0.010        2.220        1.210        1.610        4.200
   230:        1.500        0.970        0.550        3.040        1.990
   235:        1.760        3.450        0.450        7.260        1.490
   240:        2.690        1.740        0.940        1.540        2.230
   245:        0.820        3.810        4.350       11.660        9.080
   250:       13.410        2.110        1.700        0.940        8.480
   255:        0.280        3.140        0.480        2.620        1.580
   260:        2.940        2.280        1.700        1.890       29.370
   265:        0.470        1.180        2.470        5.040        3.370
   270:        2.110        2.300        7.840        2.290       13.220
   275:        4.640        0.810        9.470       17.000        2.600
   280:       30.150       13.550        2.930       11.920       10.110
   285:        0.370        2.000        3.240        0.110        1.040
   290:        1.040        1.270        3.030        0.490        1.970
   295:        0.020        0.580        3.990        1.700        3.590
   300:        2.930        0.040        1.700        1.280        2.030
   305:        2.690        2.990        1.000        2.780       11.580
   310:        2.310        2.300        5.180        1.050        2.290
   315:        2.480        0.660        2.480       11.690        6.760
   320:        1.210        0.610        0.870       10.960        2.570
   325:       22.180        0.230        2.890        3.920        2.920
   330:        3.430        3.480
B:
     0:        0.610        0.820        3.050        0.340        0.000
     5:        0.360        0.360        0.360        0.270        0.460
    10:        0.330        0.310        0.400        0.350        0.400
    15:        0.350        0.390        0.390        0.000        0.420
    20:        0.470        0.430        0.460        0.000        0.370
    25:        0.410        0.370        0.500        0.340        0.360
    30:        0.330        0.500        0.370        0.350        0.330
    35:        0.400        0.350        0.350        0.420        0.440
    40:        0.440        0.340        0.450        0.720        0.410
    45:        0.410        0.450        0.450        0.000        0.390
    50:        0.420        0.450        0.470        0.000        0.510
    55:        0.410        0.380        0.910        0.350        0.360
    60:        0.440        0.410        0.570        0.450        0.390
    65:        0.490        0.420        0.390        0.430        0.640
    70:        0.460        0.480        0.650        0.420        0.640
    75:        0.450        0.910        0.560        0.590        0.440
    80:        1.770        0.570        0.840        0.480        0.570
    85:        0.530        0.930        0.000        0.570        0.500
    90:        0.490        0.460        0.340        0.400        0.460
    95:        0.440        0.430        0.390        0.430        0.440
   100:        0.440        0.480        0.480        5.000        5.000
   105:        0.510        0.450        0.830        0.500        0.000
   110:        0.840        0.510        0.500        0.510        0.440
   115:        0.440        0.440        0.630        0.400        0.000
   120:        1.590        0.460        0.470        0.430        0.390
   125:        0.540        0.420        0.460        0.000        0.570
   130:        0.420        0.420        0.380        0.430        0.440
   135:        0.410        0.550        0.490        0.430        0.560
   140:        0.500        0.360        0.400        0.590        0.680
   145:        0.470        0.730        0.000        0.520        0.370
   150:        0.380        0.400        0.350        0.380        0.370
   155:        0.410        0.370        0.450        0.390        0.380
   160:        0.400        0.430        0.000        0.440        0.380
   165:        0.390        0.580        0.470        0.490        0.440
   170:        0.550        0.750        0.900        0.470        0.630
   175:        1.810        0.760        0.640        0.670        0.530
   180:        0.650        0.000        0.390        0.450        0.400
   185:        0.390        0.470        0.350        0.380        0.350
   190:        0.400        0.350        0.600        0.420        0.380
   195:        0.290        0.480        0.490        0.420        0.000
   200:        0.580        0.500        0.500        0.480        0.380
   205:        0.430        0.450        0.450        0.480        0.460
   210:        0.520        0.520        0.790        0.640        0.730
   215:        0.000        0.450        0.430        0.370        0.330
   220:        0.380        0.340        0.400        0.380        0.660
   225:        0.330        0.370        0.420        0.520        0.370
   230:        0.550        0.510        0.000        0.470        0.590
   235:        0.380        0.420        0.410        0.440        0.420
   240:        0.480        0.420        0.370        0.380        0.400
   245:        0.400        0.370        0.490        0.580        0.780
   250:        0.370        0.550        0.000        0.510        0.430
   255:        0.750        0.400        0.480        0.400        0.380
   260:        0.440        0.450        0.630        0.370        0.610
   265:        0.570        0.000        0.410        0.410        0.380
   270:        0.440        0.440        0.440        0.420        0.360
   275:        0.440        0.560        1.430        0.790        0.640
   280:        0.580        0.720        0.630        0.850        1.250
   285:        1.040        3.820        1.220        0.000        1.760
   290:        0.410        0.380        0.400        0.370        0.380
   295:        0.390        0.340        0.370        0.000        0.430
   300:        0.440        0.660        0.460        0.470        0.400
   305:        0.620        0.420        0.450        0.480        0.790
   310:        0.820        0.510        0.000        0.400        0.440
   315:        0.330        0.420        0.390        0.400        0.440
   320:        0.380        0.450        0.380        0.430        0.410
   325:        0.680        0.470        0.000        0.490        0.500
   330:        0.470        0.420
C:
     0:        1.260        9.140       18.740       28.930       37.540
     5:       50.670       59.170       68.910       77.300       84.840
    10:       93.380      101.260      110.330      119.650      130.410
    15:      138.790      147.120      155.560      163.530      174.030
    20:      182.740      191.070      200.760      208.460      220.170
    25:      228.280      238.890      246.380      255.810      264.110
    30:      272.030      282.820      299.820      307.940      316.110
    35:      324.940      333.180      341.800      350.280      357.730
    40:      366.430      375.460      385.390      393.130      402.360
    45:      411.700      420.590      430.360      442.120      452.520
    50:      460.580      469.480      479.140      489.640      502.590
    55:      511.460      519.650      529.450      539.940      548.190
    60:      556.480      567.150      574.830      584.230      593.330
    65:      604.330      614.680      623.080      632.880      646.180
    70:      655.450      665.760      675.460      684.250      697.210
    75:      705.800      715.050      727.240      736.500      747.440
    80:      758.840      769.880      781.770      793.200      803.410
    85:      815.960      826.930      840.620      851.150      860.790
    90:      869.340      877.690      885.610      893.640      901.830
    95:      911.590      919.190      931.440      942.230      950.340
   100:      957.860      968.110      976.480      987.350     1001.300
   105:     1014.830     1023.870     1040.610     1049.010     1057.650
   110:     1070.640     1079.500     1089.520     1097.310     1105.630
   115:     1114.820     1125.040     1133.770     1162.330     1170.730
   120:     1181.260     1192.090     1201.610     1210.830     1219.990
   125:     1230.170     1239.920     1249.510     1262.760     1289.390
   130:     1299.550     1308.790     1318.900     1329.710     1337.840
   135:     1346.620     1357.000     1367.940     1378.860     1389.050
   140:     1401.770     1412.570     1421.510     1429.660     1445.410
   145:     1459.150     1476.590     1484.430     1495.530     1505.850
   150:     1513.400     1522.630     1531.460     1539.700     1548.000
   155:     1557.690     1566.660     1574.910     1586.100     1593.690
   160:     1603.320     1610.800     1622.420     1635.600     1644.080
   165:     1653.160     1661.840     1670.320     1685.890     1696.330
   170:     1706.940     1718.540     1739.530     1750.410     1768.540
   175:     1776.710     1787.580     1799.560     1816.680     1827.950
   180:     1837.400     1874.490     1885.200     1894.840     1903.530
   185:     1912.080     1920.070     1928.680     1937.030     1944.890
   190:     1952.750     1961.610     1969.670     1977.450     1986.730
   195:     1994.260     2010.470     2019.790     2043.140     2061.220
   200:     2075.600     2085.650     2099.140     2110.640     2118.860
   205:     2128.780     2138.680     2148.960     2157.700     2169.290
   210:     2185.170     2194.120     2207.150     2222.140     2232.030
   215:     2239.910     2250.940     2258.920     2267.430     2276.920
   220:     2286.120     2294.960     2303.560     2311.130     2318.860
   225:     2326.540     2336.100     2344.690     2353.730     2365.460
   230:     2374.340     2382.870     2390.940     2403.990     2413.460
   235:     2422.820     2433.660     2441.540     2456.220     2465.160
   240:     2475.280     2484.510     2492.880     2501.800     2511.420
   245:     2519.650     2530.870     2542.600     2561.760     2578.430
   250:     2599.630     2609.120     2618.380     2629.330     2645.330
   255:     2653.050     2663.950     2671.840     2681.950     2690.940
   260:     2701.270     2711.000     2720.160     2729.690     2766.440
   265:     2774.530     2783.290     2795.770     2808.230     2819.020
   270:     2828.520     2838.270     2853.560     2863.300     2883.950
   275:     2895.960     2904.220     2921.260     2946.700     2957.100
   280:     2994.900     3016.040     3026.700     3046.260     3064.230
   285:     3072.860     3082.910     3096.980     3105.320     3116.370
   290:     3126.180     3134.870     3145.290     3153.190     3162.540
   295:     3169.950     3177.930     3189.270     3198.350     3211.950
   300:     3222.320     3229.810     3239.180     3247.930     3257.440
   305:     3267.540     3278.160     3286.590     3296.830     3315.900
   310:     3326.010     3336.140     3348.840     3359.900     3369.600
   315:     3379.530     3387.530     3397.440     3416.530     3430.700
   320:     3439.360     3447.360     3455.690     3474.040     3484.050
   325:     3513.650     3521.570     3531.940     3545.870     3556.290
   330:     3567.230     3578.190
D:
     0:        1.870        9.960       21.790       29.270        0.000
     5:       51.030       59.530       69.270       77.570       85.300
    10:       93.710      101.570      110.730      120.000      130.810
    15:      139.140      147.510      155.950        0.000      174.450
    20:      183.210      191.500      201.220        0.000      220.540
    25:      228.690      239.260      246.880      256.150      264.470
    30:      272.360      283.320      300.190      308.290      316.440
    35:      325.340      333.530      342.150      350.700      358.170
    40:      366.870      375.800      385.840      393.850      402.770
    45:      412.110      421.040      430.810        0.000      452.910
    50:      461.000      469.930      479.610        0.000      503.100
    55:      511.870      520.030      530.360      540.290      548.550
    60:      556.920      567.560      575.400      584.680      593.720
    65:      604.820      615.100      623.470      633.310      646.820
    70:      655.910      666.240      676.110      684.670      697.850
    75:      706.250      715.960      727.800      737.090      747.880
    80:      760.610      770.450      782.610      793.680      803.980
    85:      816.490      827.860        0.000      851.720      861.290
    90:      869.830      878.150      885.950      894.040      902.290
    95:      912.030      919.620      931.830      942.660      950.780
   100:      958.300      968.590      976.960      992.350     1006.300
   105:     1015.340     1024.320     1041.440     1049.510        0.000
   110:     1071.480     1080.010     1090.020     1097.820     1106.070
   115:     1115.260     1125.480     1134.400     1162.730        0.000
   120:     1182.850     1192.550     1202.080     1211.260     1220.380
   125:     1230.710     1240.340     1249.970        0.000     1289.960
   130:     1299.970     1309.210     1319.280     1330.140     1338.280
   135:     1347.030     1357.550     1368.430     1379.290     1389.610
   140:     1402.270     1412.930     1421.910     1430.250     1446.090
   145:     1459.620     1477.320        0.000     1496.050     1506.220
   150:     1513.780     1523.030     1531.810     1540.080     1548.370
   155:     1558.100     1567.030     1575.360     1586.490     1594.070
   160:     1603.720     1611.230        0.000     1636.040     1644.460
   165:     1653.550     1662.420     1670.790     1686.380     1696.770
   170:     1707.490     1719.290     1740.430     1750.880     1769.170
   175:     1778.520     1788.340     1800.200     1817.350     1828.480
   180:     1838.050        0.000     1885.590     1895.290     1903.930
   185:     1912.470     1920.540     1929.030     1937.410     1945.240
   190:     1953.150     1961.960     1970.270     1977.870     1987.110
   195:     1994.550     2010.950     2020.280     2043.560        0.000
   200:     2076.180     2086.150     2099.640     2111.120     2119.240
   205:     2129.210     2139.130     2149.410     2158.180     2169.750
   210:     2185.690     2194.640     2207.940     2222.780     2232.760
   215:        0.000     2251.390     2259.350     2267.800     2277.250
   220:     2286.500     2295.300     2303.960     2311.510     2319.520
   225:     2326.870     2336.470     2345.110     2354.250     2365.830
   230:     2374.890     2383.380        0.000     2404.460     2414.050
   235:     2423.200     2434.080     2441.950     2456.660     2465.580
   240:     2475.760     2484.930     2493.250     2502.180     2511.820
   245:     2520.050     2531.240     2543.090     2562.340     2579.210
   250:     2600.000     2609.670        0.000     2629.840     2645.760
   255:     2653.800     2664.350     2672.320     2682.350     2691.320
   260:     2701.710     2711.450     2720.790     2730.060     2767.050
   265:     2775.100        0.000     2796.180     2808.640     2819.400
   270:     2828.960     2838.710     2854.000     2863.720     2884.310
   275:     2896.400     2904.780     2922.690     2947.490     2957.740
   280:     2995.480     3016.760     3027.330     3047.110     3065.480
   285:     3073.900     3086.730     3098.200        0.000     3118.130
   290:     3126.590     3135.250     3145.690     3153.560     3162.920
   295:     3170.340     3178.270     3189.640        0.000     3212.380
   300:     3222.760     3230.470     3239.640     3248.400     3257.840
   305:     3268.160     3278.580     3287.040     3297.310     3316.690
   310:     3326.830     3336.650        0.000     3360.300     3370.040
   315:     3379.860     3387.950     3397.830     3416.930     3431.140
   320:     3439.740     3447.810     3456.070     3474.470     3484.460
   325:     3514.330     3522.040        0.000     3546.360     3556.790
   330:     3567.700     3578.610
E:
     0:        0.000        0.000        0.000        0.000        1.000
     5:        0.000        0.000        0.000        0.000        0.000
    10:        0.000        0.000        0.000        0.000        0.000
    15:        0.000        0.000        0.000        1.000        0.000
    20:        0.000        0.000        0.000        1.000        0.000
    25:        0.000        0.000        0.000        0.000        0.000
    30:        0.000        0.000        0.000        0.000        0.000
    35:        0.000        0.000        0.000        0.000        0.000
    40:        0.000        0.000        0.000        0.000        0.000
    45:        0.000        0.000        0.000        1.000        0.000
    50:        0.000        0.000        0.000        1.000        0.000
    55:        0.000        0.000        0.000        0.000        0.000
    60:        0.000        0.000        0.000        0.000        0.000
    65:        0.000        0.000        0.000        0.000        0.000
    70:        0.000        0.000        0.000        0.000        0.000
    75:        0.000        0.000        0.000        0.000        0.000
    80:        0.000        0.000        0.000        0.000        0.000
    85:        0.000        0.000        1.000        0.000        0.000
    90:        0.000        0.000        0.000        0.000        0.000
    95:        0.000        0.000        0.000        0.000        0.000
   100:        0.000        0.000        0.000        0.000        0.000
   105:        0.000        0.000        0.000        0.000        1.000
   110:        0.000        0.000        0.000        0.000        0.000
   115:        0.000        0.000        0.000        0.000        1.000
   120:        0.000        0.000        0.000        0.000        0.000
   125:        0.000        0.000        0.000        1.000        0.000
   130:        0.000        0.000        0.000        0.000        0.000
   135:        0.000        0.000        0.000        0.000        0.000
   140:        0.000        0.000        0.000        0.000        0.000
   145:        0.000        0.000        1.000        0.000        0.000
   150:        0.000        0.000        0.000        0.000        0.000
   155:        0.000        0.000        0.000        0.000        0.000
   160:        0.000        0.000        1.000        0.000        0.000
   165:        0.000        0.000        0.000        0.000        0.000
   170:        0.000        0.000        0.000        0.000        0.000
   175:        0.000        0.000        0.000        0.000        0.000
   180:        0.000        1.000        0.000        0.000        0.000
   185:        0.000        0.000        0.000        0.000        0.000
   190:        0.000        0.000        0.000        0.000        0.000
   195:        0.000        0.000        0.000        0.000        1.000
   200:        0.000        0.000        0.000        0.000        0.000
   205:        0.000        0.000        0.000        0.000        0.000
   210:        0.000        0.000        0.000        0.000        0.000
   215:        1.000        0.000        0.000        0.000        0.000
   220:        0.000        0.000        0.000        0.000        0.000
   225:        0.000        0.000        0.000        0.000        0.000
   230:        0.000        0.000        1.000        0.000        0.000
   235:        0.000        0.000        0.000        0.000        0.000
   240:        0.000        0.000        0.000        0.000        0.000
   245:        0.000        0.000        0.000        0.000        0.000
   250:        0.000        0.000        1.000        0.000        0.000
   255:        0.000        0.000        0.000        0.000        0.000
   260:        0.000        0.000        0.000        0.000        0.000
   265:        0.000        1.000        0.000        0.000        0.000
   270:        0.000        0.000        0.000        0.000        0.000
   275:        0.000        0.000        0.000        0.000        0.000
   280:        0.000        0.000        0.000        0.000        0.000
   285:        0.000        0.000        0.000        1.000        0.000
   290:        0.000        0.000        0.000        0.000        0.000
   295:        0.000        0.000        0.000        1.000        0.000
   300:        0.000        0.000        0.000        0.000        0.000
   305:        0.000        0.000        0.000        0.000        0.000
   310:        0.000        0.000        1.000        0.000        0.000
   315:        0.000        0.000        0.000        0.000        0.000
   320:        0.000        0.000        0.000        0.000        0.000
   325:        0.000        0.000        1.000        0.000        0.000
   330:        0.000        0.000
F:
     0:        0.498        0.434        0.378        0.329        0.000
     5:        1.494        1.301        1.133        0.987        0.860
    10:        0.749        0.652        0.568        0.495        0.431
    15:        0.375        0.327        0.285        0.000        1.743
    20:        1.518        1.322        1.152        0.000        2.490
    25:        2.169        1.889        1.645        1.433        1.248
    30:        1.087        0.947        0.825        0.718        0.626
    35:        0.545        0.475        0.413        0.360        0.314
    40:        0.273        0.238        0.207        0.180        0.157
    45:        0.137        0.119        0.104        0.000        0.996
    50:        0.868        0.756        0.658        0.000        1.743
    55:        1.518        1.322        1.152        1.003        0.874
    60:        0.761        0.663        0.577        0.503        0.438
    65:        0.381        0.332        0.289        0.252        0.219
    70:        0.191        0.166        0.145        0.126        0.110
    75:        0.100        0.100        0.100        0.100        0.100
    80:        0.100        0.100        0.100        0.100        0.100
    85:        0.100        0.100        0.000        2.241        1.952
    90:        1.700        1.481        1.290        1.123        0.978
    95:        0.852        0.742        0.646        0.563        0.490
   100:        0.427        0.372        0.324        0.000        0.000
   105:        0.282        0.246        0.214        0.186        0.000
   110:        0.747        0.651        0.567        0.494        0.430
   115:        0.374        0.326        0.284        0.247        0.000
   120:        1.245        1.084        0.945        0.823        0.717
   125:        0.624        0.544        0.473        0.000        1.494
   130:        1.301        1.133        0.987        0.860        0.749
   135:        0.652        0.568        0.495        0.431        0.375
   140:        0.327        0.285        0.248        0.216        0.188
   145:        0.164        0.143        0.000        1.992        1.735
   150:        1.511        1.316        1.146        0.998        0.870
   155:        0.757        0.660        0.575        0.500        0.436
   160:        0.380        0.331        0.000        0.498        0.434
   165:        0.378        0.329        0.287        0.250        0.217
   170:        0.189        0.165        0.144        0.125        0.109
   175:        0.100        0.100        0.100        0.100        0.100
   180:        0.100        0.000        0.996        0.868        0.756
   185:        0.658        0.573        0.499        0.435        0.379
   190:        0.330        0.287        0.250        0.218        0.190
   195:        0.165        0.144        0.125        0.109        0.000
   200:        1.245        1.084        0.945        0.823        0.717
   205:        0.624        0.544        0.473        0.412        0.359
   210:        0.313        0.272        0.237        0.207        0.180
   215:        0.000        1.992        1.735        1.511        1.316
   220:        1.146        0.998        0.870        0.757        0.660
   225:        0.575        0.500        0.436        0.380        0.331
   230:        0.288        0.251        0.000        2.241        1.952
   235:        1.700        1.481        1.290        1.123        0.978
   240:        0.852        0.742        0.646        0.563        0.490
   245:        0.427        0.372        0.324        0.282        0.246
   250:        0.214        0.186        0.000        2.490        2.169
   255:        1.889        1.645        1.433        1.248        1.087
   260:        0.947        0.825        0.718        0.626        0.545
   265:        0.475        0.000        0.747        0.651        0.567
   270:        0.494        0.430        0.374        0.326        0.284
   275:        0.247        0.215        0.188        0.163        0.142
   280:        0.124        0.108        0.100        0.100        0.100
   285:        0.100        0.100        0.100        0.000        1.245
   290:        1.084        0.945        0.823        0.717        0.624
   295:        0.544        0.473        0.412        0.000        1.494
   300:        1.301        1.133        0.987        0.860        0.749
   305:        0.652        0.568        0.495        0.431        0.375
   310:        0.327        0.285        0.000        1.992        1.735
   315:        1.511        1.316        1.146        0.998        0.870
   320:        0.757        0.660        0.575        0.500        0.436
   325:        0.380        0.331        0.000        2.241        1.952
   330:        1.700        1.481
L:
     0:      312.000        0.000       16.000      256.000       10.000
     5:        0.000      594.000      124.000      188.000
M:
     0:      310.000      173.000        0.000        1.000       26.000
     5:      687.000
N:
     0:       21.000        0.000        0.000        5.000        0.000
     5:       45.000        0.000
T:
     0:     3600.000        0.450
